---
5
1,2,3,4,6
---
1
1
---
1,2
1,2,3
-----

1
-----
1,2
3,4
-----
9,28,245,307,461,561,680,683,688,711,728,755,789,880,937,962,1154,1166,1179,1259,1315,1331,1459,1545,1638,1642,1652,1658,1670,1877,2002,2015,2046,2109,2159,2162,2180,2197,2316,2338,2372,2419,2423,2529,2628,2636,2745,2793,2818,2833,2962,3009,3016,3080,3170,3258,3270,3337,3362,3452,3693,3788,3802,3979,4044,4070,4074,4074,4353,4355,4439,4586,4626,4716,4719,4790,4887,4924,4925,4929,4992,5034,5051,5121,5121,5320,5336,5518,5615,5700,5700,5716,5751,5905,5911,5947,5997,6015,6045,6153,6180,6226,6256,6321,6321,6340,6588,6726,6735,6886,6955,6964,6980,6998,7007,7058,7150,7274,7293,7294,7341,7354,7359,7427,7433,7511,7593,7887,7943,8033,8217,8246,8248,8260,8270,8288,8307,8370,8398,8435,8446,8460,8505,8526,8565,8806,8824,8872,8904,8992,9035,9037,9048,9113,9115,9274,9316,9336,9432,9445,9466,9562,9582,9592,9803,9897,9924,9999,10015,10043,10149,10214,10260,10309,10320,10323,10350,10415,10510,10613,10671,10712,10726,10769,10824,10832,11015,11056,11059,11067,11082,11221,11268,11271,11299,11325,11327,11339,11377,11390,11440,11560,11656,11740,11756,11830,11839,11843,11882,11932,11934,11960,11962,12075,12141,12163,12190,12314,12327,12379,12420,12477,12511,12512,12724,12802,12843,12914,12952,12968,13006,13049,13073,13239,13298,13428,13471,13496,13592,13641,13659,13795,13812,13841,13885,13949,14043,14120,14150,14173,14230,14250,14278,14298,14441,14455,14456,14584,14671,14735,14889,14914,14946,14949,14978,14993,15175,15239,15280,15565,15577,15582,15637,15652,15699,15701,15772,15841,15844,15854,15936,16060,16141,16175,16182,16195,16241,16287,16370,16397,16461,16516,16718,16739,16752,16795,16859,16911,16943,17054,17062,17064,17065,17065,17091,17093,17101,17147,17186,17240,17265,17326,17473,17499,17518,17552,17610,17628,17655,17774,17821,17847,17854,17949,18012,18070,18086,18103,18122,18130,18249,18260,18442,18541,18569,18735,18778,18910,18976,18986,19023,19116,19140,19156,19183,19194,19217,19227,19252,19290,19311,19344,19414,19479,19524,19571,19633,19648,19651,19723,19728,19733,19756,19815,19853,19944,20042,20155,20208,20238,20246,20255,20382,20413,20438,20470,20583,20590,20611,20642,20715,20755,20919,20948,20958,21120,21210,21271,21351,21356,21380,21436,21496,21544,21640,21709,21721,21724,21733,21860,21879,21948,21953,21955,21992,21994,22028,22124,22128,22131,22191,22221,22225,22487,22548,22560,22640,22640,22643,22656,22691,22769,22928,22935,23001,23007,23011,23053,23080,23159,23165,23236,23243,23297,23425,23449,23480,23553,23565,23646,23673,23711,23816,23882,23882,24009,24020,24036,24175,24236,24262,24288,24322,24372,24416,24429,24668,24785,24828,24883,25008,25079,25107,25205,25470,25539,25569,25633,25709,25719,25817,25873,25953,26026,26049,26132,26139,26229,26338,26385,26473,26511,26536,26538,26635,26678,26754,26846,26884,26994,27015,27336,27424,27510,27536,27589,27701,27749,27810,27950,27989,27989,27991,28006,28028,28089,28137,28174,28193,28198,28257,28261,28363,28434,28466,28479,28531,28547,28586,28650,28696,28780,28816,28839,28855,29005,29108,29162,29240,29282,29335,29381,29384,29491,29573,29673,29677,29710,29938,29984,30051,30089,30108,30141,30177,30358,30396,30560,30584,30674,30675,30678,30828,30954,30994,31132,31193,31279,31346,31355,31466,31514,31595,31690,31843,31923,32060,32175,32230,32233,32241,32338,32370,32410,32456,32460,32601,32689,32761
20,481,516,770,1063,1247,1275,1469,1681,1974,2093,2324,2440,2548,2553,2759,2990,3032,3578,3813,3869,4019,4713,4741,4744,4771,4777,4863,5009,5266,5307,5476,5549,5673,5740,5925,6049,6364,6455,6565,6706,7094,7129,7259,7347,7364,7578,7635,7791,7793,7837,7863,8046,8046,8346,8535,8655,8946,9079,9594,10638,10991,11110,11167,11603,11718,11857,11960,12057,12109,12240,12287,12412,12565,12610,12680,12701,12814,12907,13128,13170,13385,13493,13572,13640,13947,13986,14139,14173,14319,14382,14407,14473,14497,14949,15038,15056,15416,15523,15649,15921,16451,16542,16579,16723,16894,17010,17410,17452,17725,17925,18070,18298,18329,18438,18741,18808,19247,19330,19778,19875,20595,20631,20765,20782,20998,21135,21525,21576,21622,21755,21891,21920,22097,22196,22770,22791,22841,23024,23066,23074,23094,23509,23863,24014,24101,24194,24360,24426,24499,24523,26026,26036,26237,26282,26380,26399,26883,27276,27304,27464,27482,27531,27571,27693,27736,27948,27950,28015,28029,28034,28369,28484,28538,28610,28845,29019,29122,29142,29173,29251,29304,29342,29517,29595,29731,29750,29830,29961,29987,30053,30374,30398,30510,30633,30661,30748,31278,31310,31850,31919,32175,32239,32261,32433,32457,32504,32761
-----
29,126,242,263,315,349,390,521,530,539,578,690,691,704,770,787,793,826,858,910,1002,1048,1060,1076,1199,1247,1265,1282,1306,1346,1393,1407,1414,1427,1433,1449,1464,1474,1512,1589,1663,1677,1692,1700,1773,1789,1794,1806,1822,1829,1853,1869,1881,1887,1963,2142,2146,2147,2179,2244,2256,2271,2300,2360,2388,2423,2564,2609,2620,2632,2670,2714,2721,2761,2778,2834,2846,2858,2867,2893,2922,2958,3020,3027,3032,3201,3233,3297,3420,3440,3451,3510,3532,3565,3589,3599,3631,3633,3686,3707,3773,3805,3829,3843,3852,3891,3980,4013,4063,4064,4154,4194,4207,4254,4327,4380,4478,4498,4518,4537,4555,4560,4569,4696,4765,4775,4776,4787,4788,4797,4813,4829,4857,4872,4881,4909,4934,4937,4952,4971,4978,5050,5090,5262,5303,5386,5390,5409,5420,5465,5472,5482,5498,5577,5616,5674,5840,5877,5887,5940,6121,6172,6174,6189,6235,6330,6374,6450,6480,6497,6498,6528,6612,6633,6639,6659,6675,6697,6738,6754,6804,6809,6873,6887,7056,7074,7133,7134,7143,7157,7162,7163,7185,7238,7352,7354,7388,7411,7430,7487,7527,7573,7575,7639,7661,7681,7696,7742,7745,7763,7776,7812,7816,7818,7865,7898,7912,7954,7959,8001,8029,8096,8124,8132,8167,8201,8227,8351,8365,8369,8394,8401,8408,8410,8411,8428,8451,8473,8478,8661,8710,8746,8758,8779,8823,8828,8828,8977,8982,9005,9069,9111,9144,9265,9294,9303,9327,9344,9355,9446,9466,9508,9510,9525,9634,9666,9699,9734,9786,9887,9962,9974,10006,10033,10048,10137,10158,10216,10269,10344,10441,10536,10544,10552,10572,10628,10654,10662,10684,10697,10844,10853,10861,10872,10951,10966,11008,11157,11183,11217,11229,11259,11299,11344,11479,11479,11518,11532,11553,11554,11572,11610,11656,11734,11760,11762,11777,11827,11843,11843,11849,11872,11927,12046,12164,12179,12204,12208,12212,12238,12267,12314,12331,12352,12353,12355,12416,12481,12490,12505,12512,12580,12650,12659,12671,12728,12730,12777,12856,12892,12914,13021,13037,13062,13127,13152,13160,13165,13166,13175,13189,13224,13307,13346,13393,13523,13541,13588,13665,13720,13728,13773,13817,13817,13831,13839,13845,13907,13921,13976,14003,14023,14025,14077,14240,14355,14370,14406,14491,14535,14557,14563,14578,14584,14591,14651,14662,14664,14681,14682,14724,14730,14746,14808,14817,14842,14874,14908,14964,14996,15023,15056,15066,15124,15145,15183,15228,15385,15403,15498,15529,15541,15552,15679,15738,15746,15759,15778,15781,15818,15832,15836,15901,15904,15955,15993,16056,16075,16077,16101,16113,16115,16134,16253,16274,16275,16281,16291,16306,16334,16366,16399,16455,16496,16522,16532,16551,16601,16607,16611,16618,16645,16655,16815,16816,16825,16857,16892,16906,16933,16948,17000,17008,17071,17092,17147,17250,17256,17268,17290,17383,17393,17394,17452,17549,17558,17572,17602,17629,17645,17663,17692,17696,17744,17766,17777,17819,17871,17915,18070,18086,18124,18131,18169,18228,18281,18298,18339,18370,18378,18387,18402,18414,18415,18420,18463,18469,18473,18489,18527,18540,18566,18586,18586,18655,18741,18744,18796,18833,18849,18895,18904,18945,18969,18973,18999,19001,19073,19074,19157,19177,19196,19232,19270,19360,19461,19559,19572,19575,19593,19701,19761,19841,19859,19886,19898,19918,19923,19960,19986,20043,20087,20105,20175,20203,20214,20272,20283,20284,20294,20327,20390,20407,20407,20420,20433,20458,20464,20466,20549,20704,20715,20751,20842,20898,20905,21028,21052,21069,21075,21080,21124,21166,21172,21178,21183,21275,21296,21325,21338,21342,21400,21452,21482,21494,21536,21613,21690,21708,21718,21720,21793,21831,21876,21903,21911,21915,21932,21971,22018,22049,22058,22072,22097,22211,22230,22233,22265,22306,22329,22338,22363,22397,22421,22476,22490,22550,22558,22581,22607,22750,22758,22779,22843,22877,22935,22950,22996,23019,23046,23122,23143,23166,23210,23263,23344,23348,23394,23426,23467,23481,23492,23584,23594,23597,23606,23622,23653,23700,23780,23786,23809,23896,23904,23917,23937,24054,24077,24115,24134,24142,24218,24266,24285,24295,24313,24315,24319,24355,24432,24444,24470,24482,24485,24539,24580,24696,24724,24751,24751,24787,24841,24843,24856,24876,24889,24916,24933,25049,25062,25087,25264,25375,25386,25411,25446,25450,25453,25457,25466,25521,25529,25560,25631,25654,25707,25721,25724,25762,25814,25828,25843,25845,25857,25859,25865,25892,25954,25965,26034,26062,26069,26077,26090,26188,26244,26277,26294,26296,26299,26312,26321,26349,26381,26431,26472,26552,26574,26591,26628,26639,26642,26664,26704,26711,26718,26743,26843,26898,26950,26981,27018,27105,27110,27123,27124,27147,27246,27260,27297,27350,27354,27398,27408,27472,27503,27530,27572,27614,27662,27682,27729,27733,27802,27804,27812,27833,27837,27913,27938,27981,28016,28028,28043,28145,28164,28207,28279,28303,28305,28337,28375,28397,28471,28549,28563,28581,28600,28660,28698,28806,28872,28915,28930,29040,29061,29064,29077,29180,29229,29232,29252,29338,29354,29354,29371,29371,29379,29393,29400,29430,29444,29514,29516,29523,29539,29587,29588,29654,29714,29780,29788,29879,29882,29916,29944,29971,30008,30013,30037,30074,30089,30118,30168,30194,30237,30251,30272,30278,30308,30340,30380,30419,30419,30439,30494,30495,30507,30550,30582,30665,30673,30703,30757,30786,30804,30823,30897,30966,30967,31004,31043,31054,31055,31083,31086,31094,31108,31239,31261,31303,31327,31350,31366,31407,31434,31479,31497,31560,31634,31681,31684,31684,31762,31849,31890,31909,32157,32163,32187,32231,32249,32267,32269,32296,32381,32452,32502,32510,32582,32604,32619,32660,32694,32737
25,84,86,134,143,144,251,259,259,386,428,460,574,585,880,882,958,971,1111,1130,1209,1216,1243,1338,1342,1427,1474,1554,1576,1614,1718,1736,1793,1814,1877,1894,1973,1985,2036,2161,2163,2263,2310,2386,2431,2615,2680,2777,2807,2858,3070,3102,3162,3177,3362,3420,3470,3473,3641,3711,3748,3811,3852,3852,3906,3965,4080,4103,4153,4294,4325,4382,4392,4468,4535,4624,4672,4715,4764,4807,4848,4887,5008,5144,5184,5215,5284,5314,5379,5478,5540,5550,5565,5778,5810,5936,5968,6092,6110,6120,6164,6204,6283,6288,6294,6303,6376,6460,6497,6521,6552,6636,6714,6715,6886,7001,7028,7053,7099,7271,7287,7366,7464,7466,7656,7670,7694,7694,7810,7813,7829,7835,7904,7913,8127,8138,8177,8206,8276,8286,8434,8473,8572,8594,8635,8637,8678,8735,8794,8821,8871,8882,8915,8941,8974,9070,9091,9097,9158,9165,9198,9205,9288,9356,9391,9482,9578,9592,9596,9626,9718,9736,9772,9813,9847,9962,9975,10038,10044,10093,10104,10120,10158,10213,10292,10618,10636,10757,10783,10815,10839,10873,10956,11142,11179,11335,11476,11517,11549,11555,11613,11650,11692,11734,11785,11789,11844,11874,11931,12009,12009,12031,12044,12198,12198,12252,12313,12434,12472,12514,12568,12570,12582,12628,12661,12675,12705,12763,12766,12783,12786,12836,12913,12953,12979,13022,13100,13100,13131,13180,13202,13264,13279,13323,13449,13461,13560,13616,13684,13700,13747,13753,13757,13759,13853,13887,13909,13931,14103,14119,14146,14254,14332,14413,14461,14507,14550,14577,14696,14696,14862,14915,14938,15238,15294,15386,15407,15518,15526,15531,15540,15559,15676,15858,16094,16137,16169,16196,16240,16326,16506,16512,16513,16552,16641,16648,16653,16703,16707,16762,16823,16888,17012,17015,17114,17207,17209,17219,17227,17239,17257,17350,17461,17632,17689,17706,17780,17838,17908,17939,17962,17963,17983,18373,18516,18531,18610,18613,18797,18832,18852,18897,18961,19001,19029,19098,19131,19239,19526,19575,19598,19602,19682,19717,19764,19942,19969,19975,20003,20004,20004,20008,20057,20060,20102,20113,20141,20182,20211,20255,20283,20359,20461,20514,20518,20657,20673,20742,20796,20833,20865,20891,20898,20949,21008,21039,21104,21313,21345,21387,21462,21471,21564,21765,21766,21812,21835,21860,21885,21903,21906,21916,22003,22025,22149,22178,22201,22378,22380,22384,22388,22424,22577,22599,22630,22635,22639,22685,22721,22748,22787,22847,22854,22910,22958,23005,23227,23250,23315,23317,23326,23437,23454,23671,23674,23810,23851,23912,23949,24006,24089,24107,24210,24253,24319,24364,24411,24457,24462,24561,24665,24699,24766,24881,24894,24998,25015,25059,25189,25200,25225,25283,25342,25420,25506,25735,25768,25814,25858,26057,26082,26100,26123,26126,26337,26415,26478,26500,26634,26693,26776,26784,26836,26880,26939,26987,27243,27605,27638,27655,27690,27709,27776,27863,28043,28137,28196,28233,28288,28307,28314,28367,28367,28413,28450,28463,28522,28602,28652,28656,28693,28723,28736,28858,28916,28982,29095,29153,29298,29345,29351,29434,29526,29532,29674,29689,29841,29882,29933,29933,29973,29973,30100,30103,30153,30170,30256,30381,30395,30440,30495,30561,30614,30660,30661,30663,30681,30766,30860,30875,30986,31024,31104,31108,31179,31186,31224,31250,31310,31386,31566,31602,31660,31701,31712,31721,31762,31807,31842,31931,31966,31991,32002,32160,32175,32194,32282,32386,32478,32502,32516

